Extended_Flutes_23-Nov-20_10:44:49 AM	Right_PQC4_GCD05_IV	
Temperature(C)= 20.0	Humidity(%)= 14.8	Bias(V)= -5.000E+0
Current_Limit(A) = 10.000E-6	Settling_time(s) = 0.5	
		
Voltage (V)	Current (A)
-15.000E+0	6.107E-12
-14.900E+0	1.997E-12
-14.800E+0	1.147E-12
-14.700E+0	999.590E-15
-14.600E+0	937.350E-15
-14.500E+0	875.160E-15
-14.400E+0	883.830E-15
-14.300E+0	867.520E-15
-14.200E+0	946.600E-15
-14.100E+0	885.230E-15
-14.000E+0	853.070E-15
-13.900E+0	851.160E-15
-13.800E+0	847.410E-15
-13.700E+0	874.920E-15
-13.600E+0	845.670E-15
-13.500E+0	872.500E-15
-13.400E+0	851.870E-15
-13.300E+0	886.250E-15
-13.200E+0	887.590E-15
-13.100E+0	869.820E-15
-13.000E+0	861.830E-15
-12.900E+0	867.290E-15
-12.800E+0	824.780E-15
-12.700E+0	914.030E-15
-12.600E+0	878.790E-15
-12.500E+0	885.360E-15
-12.400E+0	902.220E-15
-12.300E+0	887.960E-15
-12.200E+0	925.340E-15
-12.100E+0	955.780E-15
-12.000E+0	946.950E-15
-11.900E+0	983.060E-15
-11.800E+0	952.250E-15
-11.700E+0	968.380E-15
-11.600E+0	1.010E-12
-11.500E+0	960.550E-15
-11.400E+0	891.690E-15
-11.300E+0	999.200E-15
-11.200E+0	996.030E-15
-11.100E+0	975.920E-15
-11.000E+0	1.012E-12
-10.900E+0	1.025E-12
-10.800E+0	1.034E-12
-10.700E+0	1.000E-12
-10.600E+0	997.220E-15
-10.500E+0	1.037E-12
-10.400E+0	1.068E-12
-10.300E+0	1.035E-12
-10.200E+0	1.058E-12
-10.100E+0	1.075E-12
-10.000E+0	1.079E-12
-9.900E+0	1.102E-12
-9.800E+0	1.132E-12
-9.700E+0	1.164E-12
-9.600E+0	1.159E-12
-9.500E+0	1.185E-12
-9.400E+0	1.179E-12
-9.300E+0	1.178E-12
-9.200E+0	1.265E-12
-9.100E+0	1.193E-12
-9.000E+0	1.297E-12
-8.900E+0	1.269E-12
-8.800E+0	1.374E-12
-8.700E+0	1.396E-12
-8.600E+0	1.493E-12
-8.500E+0	1.507E-12
-8.400E+0	1.576E-12
-8.300E+0	1.626E-12
-8.200E+0	1.659E-12
-8.100E+0	1.727E-12
-8.000E+0	1.845E-12
-7.900E+0	2.025E-12
-7.800E+0	2.183E-12
-7.700E+0	2.429E-12
-7.600E+0	2.747E-12
-7.500E+0	3.305E-12
-7.400E+0	4.285E-12
-7.300E+0	5.338E-12
-7.200E+0	5.777E-12
-7.100E+0	5.991E-12
-7.000E+0	6.138E-12
-6.900E+0	6.252E-12
-6.800E+0	6.294E-12
-6.700E+0	6.296E-12
-6.600E+0	6.300E-12
-6.500E+0	6.308E-12
-6.400E+0	6.289E-12
-6.300E+0	6.339E-12
-6.200E+0	6.288E-12
-6.100E+0	6.297E-12
-6.000E+0	6.281E-12
-5.900E+0	6.317E-12
-5.800E+0	6.310E-12
-5.700E+0	6.345E-12
-5.600E+0	6.323E-12
-5.500E+0	6.307E-12
-5.400E+0	6.284E-12
-5.300E+0	6.251E-12
-5.200E+0	6.278E-12
-5.100E+0	6.195E-12
-5.000E+0	6.233E-12
-4.900E+0	6.240E-12
-4.800E+0	6.241E-12
-4.700E+0	6.245E-12
-4.600E+0	6.244E-12
-4.500E+0	6.217E-12
-4.400E+0	6.186E-12
-4.300E+0	6.191E-12
-4.200E+0	6.194E-12
-4.100E+0	6.216E-12
-4.000E+0	6.173E-12
-3.900E+0	6.217E-12
-3.800E+0	6.207E-12
-3.700E+0	6.165E-12
-3.600E+0	6.132E-12
-3.500E+0	6.125E-12
-3.400E+0	6.120E-12
-3.300E+0	6.101E-12
-3.200E+0	6.078E-12
-3.100E+0	6.048E-12
-3.000E+0	6.032E-12
-2.900E+0	6.071E-12
-2.800E+0	6.005E-12
-2.700E+0	5.993E-12
-2.600E+0	5.957E-12
-2.500E+0	5.909E-12
-2.400E+0	5.852E-12
-2.300E+0	5.778E-12
-2.200E+0	5.697E-12
-2.100E+0	5.473E-12
-2.000E+0	5.085E-12
-1.900E+0	4.060E-12
-1.800E+0	2.197E-12
-1.700E+0	1.054E-12
-1.600E+0	681.500E-15
-1.500E+0	223.450E-15
-1.400E+0	-168.190E-15
-1.300E+0	-410.680E-15
-1.200E+0	-490.870E-15
-1.100E+0	-567.660E-15
-1.000E+0	-635.330E-15
-900.000E-3	-621.700E-15
-800.000E-3	-656.050E-15
-700.000E-3	-672.910E-15
-600.000E-3	-667.780E-15
-500.000E-3	-693.000E-15
-400.000E-3	-644.680E-15
-300.000E-3	-710.460E-15
-200.000E-3	-680.500E-15
-100.000E-3	-712.430E-15
0.000E+0	-648.430E-15
100.000E-3	-685.020E-15
200.000E-3	-684.980E-15
300.000E-3	-706.530E-15
400.000E-3	-691.200E-15
500.000E-3	-696.250E-15
600.000E-3	-698.990E-15
700.000E-3	-701.360E-15
800.000E-3	-706.120E-15
900.000E-3	-708.690E-15
1.000E+0	-745.560E-15
1.100E+0	-717.790E-15
1.200E+0	-697.190E-15
1.300E+0	-703.210E-15
1.400E+0	-701.180E-15
1.500E+0	-676.680E-15
1.600E+0	-717.540E-15
1.700E+0	-731.180E-15
1.800E+0	-747.640E-15
1.900E+0	-770.670E-15
2.000E+0	-743.750E-15
2.100E+0	-712.820E-15
2.200E+0	-699.820E-15
2.300E+0	-713.420E-15
2.400E+0	-727.360E-15
2.500E+0	-730.540E-15
2.600E+0	-746.920E-15
2.700E+0	-736.660E-15
2.800E+0	-714.280E-15
2.900E+0	-723.200E-15
3.000E+0	-713.140E-15
3.100E+0	-703.510E-15
3.200E+0	-714.500E-15
3.300E+0	-722.940E-15
3.400E+0	-665.700E-15
3.500E+0	-721.360E-15
3.600E+0	-707.320E-15
3.700E+0	-727.140E-15
3.800E+0	-738.700E-15
3.900E+0	-743.270E-15
4.000E+0	-734.980E-15
4.100E+0	-705.230E-15
4.200E+0	-720.380E-15
4.300E+0	-725.270E-15
4.400E+0	-675.370E-15
4.500E+0	-757.730E-15
4.600E+0	-721.470E-15
4.700E+0	-717.540E-15
4.800E+0	-744.990E-15
4.900E+0	-737.640E-15
5.000E+0	-738.020E-15
