Extended_Flutes_11-Nov-20_2:02:02 PM	Left_PQC4_GCD05_IV	
Temperature(C)= 23.3	Humidity(%)= 8.5	Bias(V)= -5.000E+0
Current_Limit(A) = 10.000E-6	Settling_time(s) = 0.5	
		
Voltage (V)	Current (A)
-15.000E+0	-7.282E-12
-14.900E+0	-474.710E-15
-14.800E+0	793.060E-15
-14.700E+0	974.180E-15
-14.600E+0	1.001E-12
-14.500E+0	1.007E-12
-14.400E+0	1.016E-12
-14.300E+0	1.008E-12
-14.200E+0	1.004E-12
-14.100E+0	1.034E-12
-14.000E+0	899.800E-15
-13.900E+0	1.008E-12
-13.800E+0	1.030E-12
-13.700E+0	1.046E-12
-13.600E+0	1.073E-12
-13.500E+0	1.071E-12
-13.400E+0	1.044E-12
-13.300E+0	1.129E-12
-13.200E+0	1.099E-12
-13.100E+0	1.102E-12
-13.000E+0	1.123E-12
-12.900E+0	1.134E-12
-12.800E+0	1.132E-12
-12.700E+0	1.140E-12
-12.600E+0	1.163E-12
-12.500E+0	1.178E-12
-12.400E+0	1.214E-12
-12.300E+0	1.220E-12
-12.200E+0	1.221E-12
-12.100E+0	1.233E-12
-12.000E+0	1.242E-12
-11.900E+0	1.252E-12
-11.800E+0	1.279E-12
-11.700E+0	1.293E-12
-11.600E+0	1.292E-12
-11.500E+0	1.304E-12
-11.400E+0	1.337E-12
-11.300E+0	1.343E-12
-11.200E+0	1.366E-12
-11.100E+0	1.392E-12
-11.000E+0	1.416E-12
-10.900E+0	1.410E-12
-10.800E+0	1.434E-12
-10.700E+0	1.436E-12
-10.600E+0	1.457E-12
-10.500E+0	1.474E-12
-10.400E+0	1.485E-12
-10.300E+0	1.515E-12
-10.200E+0	1.525E-12
-10.100E+0	1.559E-12
-10.000E+0	1.596E-12
-9.900E+0	1.642E-12
-9.800E+0	1.660E-12
-9.700E+0	1.697E-12
-9.600E+0	1.755E-12
-9.500E+0	1.776E-12
-9.400E+0	1.829E-12
-9.300E+0	1.905E-12
-9.200E+0	1.940E-12
-9.100E+0	2.006E-12
-9.000E+0	2.059E-12
-8.900E+0	2.086E-12
-8.800E+0	2.157E-12
-8.700E+0	2.215E-12
-8.600E+0	2.286E-12
-8.500E+0	2.403E-12
-8.400E+0	2.498E-12
-8.300E+0	2.614E-12
-8.200E+0	2.835E-12
-8.100E+0	3.017E-12
-8.000E+0	3.250E-12
-7.900E+0	3.572E-12
-7.800E+0	4.074E-12
-7.700E+0	4.868E-12
-7.600E+0	6.206E-12
-7.500E+0	7.712E-12
-7.400E+0	8.560E-12
-7.300E+0	8.887E-12
-7.200E+0	8.988E-12
-7.100E+0	9.024E-12
-7.000E+0	9.042E-12
-6.900E+0	9.029E-12
-6.800E+0	9.021E-12
-6.700E+0	9.004E-12
-6.600E+0	9.011E-12
-6.500E+0	9.048E-12
-6.400E+0	8.848E-12
-6.300E+0	9.037E-12
-6.200E+0	9.018E-12
-6.100E+0	9.008E-12
-6.000E+0	9.009E-12
-5.900E+0	9.028E-12
-5.800E+0	9.018E-12
-5.700E+0	9.006E-12
-5.600E+0	9.015E-12
-5.500E+0	9.009E-12
-5.400E+0	8.993E-12
-5.300E+0	9.005E-12
-5.200E+0	8.992E-12
-5.100E+0	8.989E-12
-5.000E+0	8.978E-12
-4.900E+0	8.968E-12
-4.800E+0	8.953E-12
-4.700E+0	8.941E-12
-4.600E+0	8.925E-12
-4.500E+0	8.925E-12
-4.400E+0	8.910E-12
-4.300E+0	8.904E-12
-4.200E+0	8.907E-12
-4.100E+0	8.914E-12
-4.000E+0	8.883E-12
-3.900E+0	8.867E-12
-3.800E+0	8.845E-12
-3.700E+0	8.845E-12
-3.600E+0	8.842E-12
-3.500E+0	8.818E-12
-3.400E+0	8.793E-12
-3.300E+0	8.785E-12
-3.200E+0	8.761E-12
-3.100E+0	8.730E-12
-3.000E+0	8.692E-12
-2.900E+0	8.692E-12
-2.800E+0	8.621E-12
-2.700E+0	8.585E-12
-2.600E+0	8.504E-12
-2.500E+0	8.403E-12
-2.400E+0	8.242E-12
-2.300E+0	7.997E-12
-2.200E+0	7.506E-12
-2.100E+0	6.046E-12
-2.000E+0	3.374E-12
-1.900E+0	1.674E-12
-1.800E+0	887.020E-15
-1.700E+0	466.830E-15
-1.600E+0	166.970E-15
-1.500E+0	20.200E-15
-1.400E+0	-118.030E-15
-1.300E+0	-175.180E-15
-1.200E+0	-192.050E-15
-1.100E+0	-208.970E-15
-1.000E+0	-229.050E-15
-900.000E-3	-209.730E-15
-800.000E-3	-240.100E-15
-700.000E-3	-258.260E-15
-600.000E-3	-251.760E-15
-500.000E-3	-243.080E-15
-400.000E-3	-185.570E-15
-300.000E-3	-250.970E-15
-200.000E-3	-250.170E-15
-100.000E-3	-282.000E-15
0.000E+0	-235.200E-15
100.000E-3	-269.270E-15
200.000E-3	-250.100E-15
300.000E-3	-282.450E-15
400.000E-3	-291.630E-15
500.000E-3	-345.110E-15
600.000E-3	-309.520E-15
700.000E-3	-310.160E-15
800.000E-3	-314.680E-15
900.000E-3	-301.770E-15
1.000E+0	-343.100E-15
1.100E+0	-329.140E-15
1.200E+0	-339.540E-15
1.300E+0	-333.350E-15
1.400E+0	-287.130E-15
1.500E+0	-242.960E-15
1.600E+0	-293.790E-15
1.700E+0	-301.780E-15
1.800E+0	-288.100E-15
1.900E+0	-288.430E-15
2.000E+0	-325.850E-15
2.100E+0	-301.960E-15
2.200E+0	-323.800E-15
2.300E+0	-350.480E-15
2.400E+0	-340.960E-15
2.500E+0	-371.210E-15
2.600E+0	-405.070E-15
2.700E+0	-405.440E-15
2.800E+0	-395.460E-15
2.900E+0	-424.410E-15
3.000E+0	-424.890E-15
3.100E+0	-425.710E-15
3.200E+0	-419.710E-15
3.300E+0	-424.360E-15
3.400E+0	-377.550E-15
3.500E+0	-425.550E-15
3.600E+0	-433.750E-15
3.700E+0	-379.900E-15
3.800E+0	-319.370E-15
3.900E+0	-379.820E-15
4.000E+0	-404.270E-15
4.100E+0	-405.600E-15
4.200E+0	-421.660E-15
4.300E+0	-425.430E-15
4.400E+0	-405.000E-15
4.500E+0	-331.360E-15
4.600E+0	-308.220E-15
4.700E+0	-307.740E-15
4.800E+0	-322.650E-15
4.900E+0	-350.840E-15
5.000E+0	-373.480E-15
